Migration out\nof Africa
-80000,-70000
Tool
arrow
27.90,30.25
31.26,37.01
37.00,37.74
40.26,27.88
47.09,18.27
-
32.77,37.72
33.23,44.13
31.44,53.21
29.83,62.41
27.92,72.83
27.27,77.69

Migration to\nAustralia
-50000,-45000
Tool
arrow
18.74,97.93
8.60,98.86
-1.38,102.07
-7.49,109.92
-9.75,123.86
-20.87,132.20

Migration to\nAmerica
-20000,-15000
Tool
arrow
32.45,120.07
40.48,123.00
55.73,130.68
61.89,145.60
65.02,-175.53
60.19,-146.13
52.38,-128.52
39.42,-121.91
27.41,-110.75
16.66,-95.70
11.64,-86.11
5.27,-74.30

Oldest cave\npaintings
-45000,-40000
Tool
marker
-4.78,119.66

Unification of Egypt
-3200,-3100
Sphinx
marker
Egypt